Sex:M
Race:00013746
Slider0:-0.100000
Slider1:0.500000
Slider2:-0.800000
Slider3:-0.800000
Slider4:-0.660000
Slider5:1.000000
Slider6:0.400000
Slider7:0.500000
Slider8:-0.560000
Slider9:-1.000000
Slider10:0.400000
Slider11:0.860000
Slider12:0.400000
Slider13:0.060000
Slider14:-0.340000
Slider15:-0.500000
Slider16:-0.000000
Slider17:-0.300000
Slider18:340282346638528859811704183484516925440.000000
Preset0:17
Preset1:-1
Preset2:17
Preset3:8
HairColor:000A0439
Weight:39.999996
Height:1.000000
Complexion:0003B521
HeadPart:0005162F
HeadPart:00051631
HeadPart:0008555F
HeadPart:000F5009
HeadPart:00051412
HeadPart:0002424F
HeadPart:000C7123
TintMask0:00919CB7:1.000000
TintMask1:00522B21:0.350000
TintMask2:0040040F:0.390000
TintMask3:00FFFFFF:0.000000
TintMask4:00FFFFFF:0.000000
TintMask5:00FFFFFF:0.000000
TintMask6:00010443:0.420000
TintMask7:00FFFFFF:0.000000
TintMask8:00FFFFFF:0.000000
TintMask9:00FFFFFF:0.000000
TintMask10:00FFFFFF:0.000000
TintMask11:FFFFFFFF:0.000000
TintMask12:00000051:0.000000
TintMask13:00000051:0.000000
TintMask14:00000051:0.000000
TintMask15:00000051:0.000000
TintMask16:00000000:0.000000
TintMask17:00000000:0.000000
TintMask18:00000000:0.000000
TintMask19:00000000:0.000000
TintMask20:00000000:0.000000
TintMask21:0057491A:1.000000
TintMask22:00000000:0.000000
TintMask23:00000000:0.000000
TintMask24:00000000:0.000000
TintMask25:00000000:0.000000
TintMask26:00000000:0.000000
TintMask27:00FFFFFF:0.000000
TintMask28:00FFFFFF:0.000000
TintMask29:00FFFFFF:0.000000
TintMask30:00000000:0.750000
TintMask31:00123156:0.000000
TintMask32:00123156:1.000000
TintMask33:0013202F:0.000000
