Sex:M
Race:00013746
Slider0:0.060000
Slider1:0.200000
Slider2:0.080000
Slider3:-1.000000
Slider4:0.040000
Slider5:0.020000
Slider6:0.500000
Slider7:-0.100000
Slider8:-0.060000
Slider9:-0.900000
Slider10:-0.200000
Slider11:0.000000
Slider12:0.660000
Slider13:0.160000
Slider14:-0.340000
Slider15:-0.400000
Slider16:0.180000
Slider17:-0.640000
Slider18:340282346638528859811704183484516925440.000000
Preset0:7
Preset1:-1
Preset2:18
Preset3:20
HairColor:000A0433
Weight:75.000000
Height:1.000000
Complexion:00073259
HeadPart:0005162F
HeadPart:00051631
HeadPart:000DFC04
HeadPart:000E4DD3
HeadPart:00051080
HeadPart:0A12B976
HeadPart:0002425B
TintMask0:00A8B0C6:1.000000
TintMask1:00522B21:0.350000
TintMask2:00000000:1.000000
TintMask3:00FFFFFF:0.000000
TintMask4:00FFFFFF:0.000000
TintMask5:00FFFFFF:0.000000
TintMask6:005254A9:0.188235
TintMask7:00FFFFFF:0.000000
TintMask8:00FFFFFF:0.000000
TintMask9:00FFFFFF:0.000000
TintMask10:00FFFFFF:0.000000
TintMask11:FFFFFFFF:0.000000
TintMask12:00000000:0.000000
TintMask13:00000000:0.000000
TintMask14:00000000:0.000000
TintMask15:00000000:0.000000
TintMask16:00000000:0.000000
TintMask17:00000000:0.000000
TintMask18:00000000:0.000000
TintMask19:00000000:0.000000
TintMask20:00000000:0.000000
TintMask21:00000000:0.000000
TintMask22:00000000:0.000000
TintMask23:00000000:0.000000
TintMask24:00000000:0.000000
TintMask25:00000000:0.000000
TintMask26:00000000:0.000000
TintMask27:00FFFFFF:0.000000
TintMask28:00FFFFFF:0.000000
TintMask29:00FFFFFF:0.000000
TintMask30:00FFFFFF:0.000000
TintMask31:00000000:0.000000
TintMask32:00000000:0.000000
TintMask33:00000000:0.000000
